1.07721
1.08957
1.09234
1.09483
1.10063
1.10268
1.11530
1.15356
1.15621
1.15885
1.16247
1.16475
1.16931
1.17129
1.17848
1.18633
1.25855
1.29022    ;paschen beta ; noooo
1.29822
1.30181
1.30493
1.30817
1.31243
1.31532
1.32073
1.32329
1.45150
1.45600
1.46008
1.48290
1.48603
1.49278
1.51830
1.52368
1.52836
1.53282
1.53911
1.54279
1.55934
1.56982
1.59682
1.60264
1.60754
1.61242
1.61902
1.62309
1.63840
1.64102
1.64978
1.65493
1.66065
1.68359
1.68990
1.69504
1.70041
1.70737
1.71190
1.72781
1.73261
1.74223
1.74452
1.75246
1.78754
1.79890
1.80630
1.81135
1.96372
1.96968
1.97666
1.98345
2.01879
2.02704
2.03342
2.04072
2.04940
2.05580
2.07234
2.08547
2.09039
2.11710
2.12440
2.17052
2.17965
2.18676
2.19498
2.20464
2.21197
2.22419
2.23069
2.25120
2.27359